##tickets##
1723342589
1724086200
2
1723340431
1723717380
2
1722457992
1722865800
1
1721303543
1721586180
2
1720835289
1720878600
2
1720788331
1720878600
1
1720655718
1720871400
3
1720655659
1721483400
2
1720655556
1721413380
2
1720655420
1721326980
2
1720431352
1720462200
3
1720385204
1720965000
2
1720385153
1720455000
1
1719220646
1719246180
2
1719106375
1719669000
2
1718934016
1719238980
2
1718933947
1719253380
2
1718740202
1719507000
2
1718740141
1719339780
1
1718728679
1718905800
2
1718420595
1719339780
1
1718418277
1719397380
2
1718418001
1718902200
1
1717810498
1717942980
1
1717801177
1717950180
1
1717765129
1717768200
1
1717759705
1717779000
1
1717331733
1717928580
1
1717331733
1717768200
2
1716812944
1717069800
1
1716739035
1717345380
1
1716737989
1716740580
2
1716557484
1716562200
1
1716394432
1716740580
2
1714696403
1715349000
2
1714531519
1716558600
2
1714531519
1714755000
2
1714531139
1715100600
2
1714531139
1715530980
1
1714531139
1714926180
2
1714531139
1714737000
1
1713394085
1713534600
2
1713267206
1713716580
2
1712933646
1714321380
1
1712933443
1713534600
2
1711593293
1712231400
1
1711557132
1711558200
2
1710886550
1712929800
1
1710886255
1712506980
1
1710886123
1712231400
2
1710375315
1711290180
1
1710375190
1711115400
1
1710075600
1711558200
2
1710075600
1712046180
2
1709423405
1710080580
1
1709331940
1709898600
1
1709331940
1710087780
2
1709311262
1709315400
3
1709021791
1709311800
2
1708629894
1708870980
2
1708376340
1709482980
1
1708376218
1709286600
1
1708375969
1708885380
2
1708053874
1708537800
2
1707043918
1708021380
1
1707043918
1707207780
2
1707043918
1707241800
1
1706647499
1706953800
2
1706224636
1706277000
2
1705812574
1706458980
2
1705596666
1706269800
1
1705199138
1705249380
2
1705102379
1705256580
1
1705069384
1705071000
2
1704637861
1705328580
2
1704630070
1705081800
2
1703548182
1704277380
2
1702556954
1702979400
2
1702237551
1702806600
1
1700601074
1702042680
1
1700601074
1702225380
2
1700601074
1701430680
2
1700601074
1702648200
1
1700601074
1701620460
2
1700099868
1701015660
2
1699999947
1700833080
2
1699184154
1699623480
1
1699148678
1699813260
2
1698944198
1699018680
2
1697588884
1698406680
1
1697588884
1698603660
2
1697405340
1697480460
2
1696439853
1696599480
1
1696285464
1697379660
2
1695041949
1695111660
2
1694703170
1695291660
2
1694703170
1695399660
2
1693920073
1693924680
2
1693765318
1693837260
2
1693573072
1694676060
2
1693527570
1693898460
1
1693527570
1693931880
1
1688143501
1688308680
2
1686278673
1686317880
2
1686099842
1686500460
1
1686099842
1686310680
2
1685720339
1685727480
1
1685318094
1685727480
3
1685317303
1685982060
1
1684700620
1685713080
2
1684700620
1685290860
1
1684700620
1685960460
2
1684373166
1685111880
2
1682625494
1682689080
2
1682289827
1682602680
1
1681598264
1683891480
1
1681598264
1684081260
2
1681597952
1682950860
2
1681597952
1682681880
1
1680210188
1680802680
1
1679438003
1681143660
2
1679438003
1680874680
1
1679437485
1680262680
1
1679437485
1680445260
2
1679437032
1679847660
2
1679436747
1679657880
2
1679073469
1679250060
2
1677336513
1677508560
1
1677031211
1678448280
1
1677031211
1677507660
1
1676423001
1676816460
2
1676423001
1676644680
2
1675473658
1676218860
2
1674517512
1674819480
2
1673200522
1673871660
1
1673200522
1673609880
2
1671746466
1671781080
2
1671058981
1671114060
1
1670639896
1671214860
1
1670639534
1672597260
1
1670639534
1671773880
2
1668798271
1670775660
1
1668798271
1670581080
1
1668797672
1670165340
2
1668797672
1669976280
1
1668784090
1669371480
2
1668784079
1669371480
2
1668670472
1668687480
2
1666822889
1667753340
1
1666820385
1667557080
2
1666059175
1666301820
1
1665363466
1666543740
1
1665363225
1666347480
2
1665362902
1665938940
2
1665362580
1665742680
2
1664460015
1664561880
2
1664459137
1664561880
2
1664282259
1664540280
2
1664052594
1664210940
2
1663497059
1663577340
1
1661946447
1662229080
2
1661638424
1661957340
2
1661447160
1661543820
2
1661189088
1661503740
2
1661189088
1661533020
2
1660424367
1660586520
2
1660424114
1660553340
2
1657251243
1657628640
2
1654215825
1654584540
1
1654215825
1654625880
2
1649346619
1649426520
1
1649345002
1649407620
1
1637601483
1637787000
0
1637600602
1637732640
0
1632672029
1633278600
2
1626559932
1626609120
3
1626559926
1626609120
3
1596193967
1596205440
3
1596193689
1596205440
3
##changes##
1719251492
1719253380
1719232302
1719246180
1719220107
1719238980
1718835012
1718905800
1718740072
1719339780
1718740063
1719339780
1718728586
1718902200
1717934856
1717950180
1717871323
1717950180
1717871143
1717942980
1716486780
1716558600
1714912219
1714926180
1713710610
1713716580
1711219986
1711290180
1710017010
1710080580
1709479734
1709482980
1709478257
1709482980
1709400257
1709482980
1707155563
1707241800
1707155399
1707241800
1706895427
1706953800
1706204270
1706269800
1706204152
1706269800
1705243747
1705249380
1705169139
1705256580
1705070562
1705071000
1704272944
1704277380
1701619372
1701620460
1700990146
1701015660
1699808724
1699813260
1698403128
1698406680
1696533940
1696599480
1693854472
1693931880
1693854308
1693931880
1686417093
1686500460
1682532827
1682602680
1680802835
1680802680
1679157247
1679250060
1677417685
1677507660
1672499473
1672597260
1671189412
1671214860
1671110638
1671114060
1671105493
1671114060
1671102204
1671114060
1671096477
1671114060
1671095529
1671114060
1667668721
1667753340
1666281500
1666347480
1666281411
1666347480
1664461052
1664561880
1664461052
1664561880
##cancels##
1721303475
1721413380
1721258189
1721326980
1720835262
1720878600
1720788323
1720871400
1720655678
1721483400
1720655647
1720965000
1720431364
1720455000
1719232546
1719246180
1719220606
1719238980
1719106260
1719339780
1718740217
1719507000
1718740152
1719339780
1718728643
1718902200
1718420456
1719397380
1717934940
1717950180
1717810464
1717928580
1717767240
1717779000
1717759804
1717768200
1716738047
1716740580
1716557436
1716558600
1714696173
1715100600
1714696162
1714755000
1713394008
1713534600
1713233352
1714321380
1712504890
1712929800
1711593239
1712231400
1711557115
1711558200
1709423469
1710087780
1709309612
1709311800
1709021710
1709286600
1708629971
1708885380
1707681280
1708021380
1707163214
1707241800
1707163195
1707207780
1706266366
1706269800
1705199380
1705256580
1705069720
1705081800
1702787717
1702806600
1702556813
1702648200
1701265958
1701430680
1698195093
1698603660
1697378747
1697379660
1696535248
1696599480
1695398307
1695399660
1693920175
1693931880
1693765420
1693898460
1686278766
1686310680
1685724856
1685727480
1685317249
1685960460
1685316885
1685713080
1682631902
1682681880
1682595464
1682602680
1680720261
1680874680
1677336415
1677507660
1671754770
1671781080
1671747260
1671773880
1671201910
1671214860
1670639678
1670775660
1664558306
1664561880
1664458957
1664540280
1664147236
1664210940
1661446878
1661533020
