##tickets##
1722707535
1722772200
2
1722549262
1723314180
1
1722347801
1722772200
1
1721829067
1722621000
1
1720035571
1721929800
1
1720035301
1721154180
1
1718988883
1719058980
1
1718910334
1718994180
3
1718733776
1719597000
1
1718029388
1719597000
1
1716978098
1718819400
1
1716978098
1718994180
1
1716977869
1717481700
1
1716366671
1718043780
1
1716366671
1717782600
1
1715628335
1715710980
3
1715363361
1716573000
3
1715363361
1716747780
2
1715363194
1715710980
1
1714901386
1715363400
1
1714901386
1715624580
1
1714598527
1714672200
1
1713945276
1714758600
3
1713945276
1714933380
2
1713518389
1713549000
2
1713221494
1713723780
2
1712259164
1712260980
1
1712086621
1712166600
2
1711057458
1712166600
1
1711057458
1712600580
1
1710106806
1711037340
1
1710106806
1710940500
1
1710065647
1711304580
3
1710065647
1711129800
1
1710065648
1711995780
3
1710065647
1711648200
3
1709415757
1709920200
3
1709415757
1710094980
2
1708403030
1708404300
1
1708188762
1709315400
1
1708188628
1709490180
1
1708188628
1709315400
3
1708187071
1708531740
2
1708187011
1708445340
3
1708186881
1708404300
1
1707679200
1708105800
3
1706281815
1706896200
3
1706281815
1707070980
1
1705258599
1706466180
3
1705258599
1706291400
3
1705102346
1705342140
3
1704712131
1705256580
2
1704712131
1704995400
3
1704459025
1704644580
2
1704107198
1705686600
1
1704107198
1705861380
1
1703255166
1704651780
1
1703255166
1704390600
1
1703197609
1703257320
1
1703168417
1703260920
1
1703167919
1703242800
0
1702776383
1702923780
2
1701624364
1701714060
3
1700836827
1704219780
1
1700491787
1700500140
3
1700182828
1700500140
2
1700137605
1703267400
3
1700137489
1702837380
1
1700137489
1702489800
1
1700137285
1701448680
1
1700137285
1701627660
3
1699871195
1699899660
2
1699870999
1702232580
3
1699870999
1702053480
3
1699620911
1700843880
1
1699620911
1701022860
3
1698437903
1699899660
1
1698437903
1699627080
1
1697831192
1697901120
3
1697405401
1697480460
2
1697370150
1698603660
3
1697370150
1698424680
1
1697369934
1697901120
1
1697369934
1697972700
1
1697036957
1697480460
1
1696176416
1696270860
3
1695488366
1696270860
1
1695255603
1695305340
3
1695037113
1695190320
3
1694793434
1695120480
1
1694713891
1695118860
1
1694708124
1695312540
1
1694506561
1694511480
3
1694439720
1694518680
1
1694439720
1694465400
0
1693781083
1694465400
0
1692551402
1693225260
2
1691237318
1693232460
1
1689781469
1690701660
3
1689781469
1690810680
1
1688036332
1688049480
3
1687951626
1688060280
3
1687704362
1688135880
3
1687267470
1687364460
3
1687265511
1687803660
1
1687179158
1687185480
1
1687159932
1687531080
3
1686863954
1687371660
1
1686863954
1687196280
3
1686178065
1686766860
1
1686178065
1686591480
3
1684775293
1685643660
1
1684775293
1685457480
1
1684686978
1684779660
3
1684415002
1684420680
2
1684150720
1684503480
2
1684150720
1684779660
1
1682261106
1682360460
3
1681738878
1683570060
1
1681738878
1683308280
3
1681476772
1682360460
1
1681476772
1682098680
2
1681420757
1681483080
2
1681147316
1681755660
1
1681147218
1681493880
2
1680100249
1680867480
1
1680100249
1681150860
3
1680100119
1680546060
1
1680100119
1680284280
2
1679858320
1679934060
3
1679309310
1679593080
3
1679309170
1679941260
3
1679229367
1679336460
3
1678097967
1678126860
3
1678097753
1679679480
1
1678097753
1679934060
1
1678097601
1679329260
1
1678097601
1679074680
3
1676904908
1678119660
1
1676904908
1677865080
3
1676117390
1676235000
0
1676063052
1676655480
3
1676063052
1676910060
3
1674842524
1675465200
0
1674842524
1676148600
0
1673703603
1674571080
1
1673701406
1674560280
1
1673444352
1674750060
1
1673014719
1674495480
1
1672500933
1673609880
1
1672500933
1673799660
2
1669989955
1671466860
1
1667560921
1671730680
1
1667560921
1672597260
1
1667560699
1671212280
1
1667560699
1671380460
1
1667157721
1667198940
2
1666698026
1669745880
1
1666698026
1670258940
1
1666697742
1668962940
2
1666697742
1668795480
1
1666697458
1668190680
1
1666697458
1668358140
2
1665864413
1666880280
2
1665864413
1667148540
2
1664970573
1665341340
2
1664970367
1665166680
2
1664486998
1664626680
1
1662576865
1663034280
1
1662229489
1664261340
1
##changes##
1715627356
1715710980
1715627327
1715710980
1714671890
1714672200
1712086432
1712166600
1707070774
1707070980
1706978166
1707070980
1706455266
1706466180
1706281580
1706291400
1702745967
1702837380
1702745821
1702837380
1701703903
1701714060
1701703881
1701714060
1700826860
1700843880
1699871065
1699899660
1699814699
1699899660
1698592952
1698603660
1697830592
1697901120
1697830446
1697901120
1697389567
1697480460
1697389452
1697480460
1696173690
1696270860
1695112470
1695118860
1694442950
1694465400
1687352946
1687364460
1684686745
1684779660
1682259978
1682360460
1681056094
1681150860
1681055072
1681150860
1680799394
1680867480
1673536623
1673609880
1672499472
1672597260
1668190755
1668190680
1667151051
1667148540
1667146267
1667148540
##cancels##
1722707466
1722772200
1722347772
1722621000
1720523619
1721929800
1718988875
1718994180
1718910255
1718994180
1718733769
1719597000
1716977886
1717782600
1715628244
1715710980
1715363165
1715624580
1715362145
1715363400
1714598519
1714758600
1712086575
1712166600
1710850440
1711129800
1710850385
1711037340
1708403023
1708404300
1708188753
1709315400
1708187028
1708445340
1705102264
1705256580
1704711877
1705861380
1704711863
1705686600
1704458971
1704651780
1703255023
1703260920
1703184535
1703267400
1702776399
1702837380
1702380367
1702489800
1701624356
1701627660
1700491750
1700500140
1700137273
1702232580
1700137258
1702053480
1699871141
1699899660
1697831070
1697901120
1697405319
1697480460
1696176340
1696270860
1695255541
1695312540
1694793406
1695118860
1694512701
1694518680
1694509670
1694511480
1694439629
1694465400
1692551346
1693232460
1688036300
1688060280
1687951578
1688135880
1687267409
1687371660
1687179140
1687196280
1684686897
1684779660
1684414973
1684503480
1682261011
1682360460
1681420738
1681493880
1679858175
1679941260
1679309182
1679679480
1679240075
1679934060
1679229346
1679329260
1678097978
1678119660
1676117323
1676148600
1673703519
1674560280
1673701417
1674495480
1669989892
1671380460
1667159602
1668795480
